570505310101 1 1 1 1 1 1 1 1 1 1 1 1 1 1 1 1 1 1 1 1 
1 2 3 4 5 6 7 8 9 10 11 12 13 14 15 16 17 18 19 20 21 
1 0 3 7 12 18 25 33 42 52 63 75 88 102 117 133 150 168 187 207 228 
1 1 0 7 19 37 62 95 137 189 252 327 415 517 634 767 917 1085 1272 1479 1707 
0 1 1 8 27 64 126 221 358 547 799 1126 1541 2058 2692 3459 4376 5461 6733 8212 9919 
1 2 0 8 35 99 225 446 804 1351 2150 3276 4817 6875 9567 13026 17402 22863 29596 37808 47727 
1 0 0 8 43 142 367 813 1617 2968 5118 8394 13211 20086 29653 42679 60081 82944 112540 150348 198075 
1 1 1 9 52 194 561 1374 2991 5959 11077 19471 32682 52768 82421 125100 185181 268125 380665 531013 729088 
1 2 3 12 64 258 819 2193 5184 11143 22220 41691 74373 127141 209562 334662 519843 787968 1168633 1699646 2428734 
1 3 6 18 82 340 1159 3352 8536 19679 41899 83590 157963 285104 494666 829328 1349171 2137139 3305772 5005418 7434152 
1 4 10 28 110 450 1609 4961 13497 33176 75075 158665 316628 601732 1096398 1925726 3274897 5412036 8717808 13723226 21157378 
1 5 15 43 153 603 2212 7173 20670 53846 128921 287586 604214 1205946 2302344 4228070 7502967 12915003 21632811 35356037 56513415 
1 6 21 64 217 820 3032 10205 30875 84721 213642 501228 1105442 2311388 4613732 8841802 16344769 29259772 50892583 86248620 142762035 
1 7 28 92 309 1129 4161 14366 45241 129962 343604 844832 1950274 4261662 8875394 17717196 34061965 63321737 114214320 200462940 343224975 
1 8 36 128 437 1566 5727 20093 65334 195296 538900 1383732 3334006 7595668 16471062 34188258 68250223 131571960 245786280 446249220 789474195 
1 9 45 173 610 2176 7903 27996 93330 288626 827526 2211258 5545264 13140932 29611994 63800252 132050475 263622435 509408715 955657935 1745132130 
1 10 55 228 838 3014 10917 38913 132243 420869 1248395 3459653 9004917 22145849 51757843 115558095 247608570 511231005 1020639720 1976297655 3721429785 
1 11 66 294 1132 4146 15063 53976 186219 607088 1855483 5315136 14320053 36465902 88223745 203781840 451390410 962621415 1983261135 3959558790 7680988575 
1 12 78 372 1504 5650 20713 74689 260908 867996 2723479 8038615 22358668 58824570 147048315 350830155 802220565 1764841980 3748103115 7707661905 15388650480 
1 13 91 463 1967 7617 28330 103019 363927 1231923 3955402 11994017 34352685 93177255 240225570 591055725 1393276290 3158118270 6906221385 14613883290 30002533770 
1 14 105 568 2535 10152 38482 141501 505428 1737351 5692753 17686770 52039455 145216710 385442280 976498005 2369774295 5527892565 12434113950 27047997240 57050531010 
