56477364570
0 0 0 0 0 0 0 0 0 0 0 0 0 0 0 0 0 0 0 0 0 0 0 
0 0 0 0 0 0 0 0 0 0 0 0 0 0 0 0 0 0 0 0 0 0 0 
0 1 1 1 1 1 1 1 1 1 1 1 1 1 1 1 1 1 1 1 1 1 1 
0 0 1 2 3 4 5 6 7 8 9 10 11 12 13 14 15 16 17 18 19 20 21 
0 0 1 0 3 7 12 18 25 33 42 52 63 75 88 102 117 133 150 168 187 207 228 
0 0 1 1 0 7 19 37 62 95 137 189 252 327 415 517 634 767 917 1085 1272 1479 1707 
0 0 0 1 1 8 27 64 126 221 358 547 799 1126 1541 2058 2692 3459 4376 5461 6733 8212 9919 
0 0 0 1 0 8 35 99 225 446 804 1351 2150 3276 4817 6875 9567 13026 17402 22863 29596 37808 47727 
0 0 0 0 0 8 43 142 367 813 1617 2968 5118 8394 13211 20086 29653 42679 60081 82944 112540 150348 198075 
0 0 0 0 0 8 51 193 560 1373 2990 5958 11076 19470 32681 52767 82420 125099 185180 268124 380664 531012 729087 
0 0 0 0 0 8 59 252 812 2185 5175 11133 22209 41679 74360 127127 209547 334646 519826 787950 1168614 1699626 2428713 
0 0 0 0 0 8 67 319 1131 3316 8491 19624 41833 83512 157872 284999 494546 829192 1349018 2136968 3305582 5005208 7433921 
0 0 0 0 0 8 75 394 1525 4841 13332 32956 74789 158301 316173 601172 1095718 1924910 3273928 5410896 8716478 13721686 21155607 
0 0 0 0 0 8 83 477 2002 6843 20175 53131 127920 286221 602394 1203566 2299284 4224194 7498122 12909018 21625496 35347182 56502789 
0 0 0 0 0 8 91 568 2570 9413 29588 82719 210639 496860 1099254 2302820 4602104 8826298 16324420 29233438 50858934 86206116 142708905 
0 0 0 0 0 8 99 667 3237 12650 42238 124957 335596 832456 1931710 4234530 8836634 17662932 33987352 63220790 114079724 200285840 342994745 
0 0 0 0 0 8 107 774 4011 16661 58899 183856 519452 1351908 3283618 7518148 16354782 34017714 68005066 131225856 245305580 445591420 788586165 
0 0 0 0 0 8 115 889 4900 21561 80460 264316 783768 2135676 5419294 12937442 29292224 63309938 131315004 262540860 507846440 953437860 1742024025 
0 0 0 0 0 8 123 1012 5912 27473 107933 372249 1156017 3291693 8710987 21648429 50940653 114250591 245565595 508106455 1015952895 1969390755 3711414780 
0 0 0 0 0 8 131 1143 7055 34528 142461 514710 1670727 4962420 13673407 35321836 86262489 200513080 446078675 954185130 1970138025 3939528780 7650943560 
0 0 0 0 0 8 139 1282 8337 42865 185326 700036 2370763 7333183 21006590 56328426 142590915 343103995 789182670 1743367800 3713505825 7653034605 15303978165 
0 0 0 0 0 8 147 1429 9766 52631 237957 937993 3308756 10641939 31648529 87976955 230567870 573671865 1362854535 3106222335 6819728160 14472762765 29776740930 
0 0 0 0 0 8 155 1584 11350 63981 301938 1239931 4548687 15190626 46839155 134816110 365383980 939055845 2301910380 5408132715 12227860875 26700623640 56477364570 
